";ITEM  R2Winsteps Example  Mar 13 2020 13:48"
"ENTRY","MEASURE","STATUS","COUNT","SCORE","MODLSE","IN.MSQ","IN.ZSTD","OUT.MSQ","OUT.ZSTD","DISPLACE","PTMA","WEIGHT","OBSMATCH","EXPMATCH","PTMA-E","RMSR","WMLE","INDF","OUTPRB","GROUPING","MODEL","RECODE","NAME"
1,-2.64,1,99.0000,94.0000,.48,.9777,.0710,.6114,-.3194,-.01,.2691,1.0000,94.949,94.924,.2350,.2075,-2.55,14.04,3.24,"1","R",".","i1"
2,-2.88,1,97.0000,93.0000,.53,1.0408,.2410,.9074,.1709,-.01,.1983,1.0000,95.876,95.854,.2165,.1957,-2.76,10.74,2.77,"1","R",".","i2"
3,-1.93,1,99.0000,90.0000,.37,.9534,-.0990,.5426,-.6695,-.01,.3606,1.0000,91.919,91.066,.3022,.2629,-1.89,29.72,5.05,"1","R",".","i3"
4,-1.78,1,99.0000,89.0000,.36,1.0255,.1910,1.1828,.4812,-.01,.2923,1.0000,90.909,90.126,.3180,.2838,-1.74,34.37,4.98,"1","R",".","i4"
5,-1.78,1,98.0000,88.0000,.36,1.2086,.8912,2.7060,2.0827,-.01,.1023,1.0000,88.776,90.025,.3172,.3096,-1.74,34.41,5.04,"1","R",".","i5"
6,-1.07,1,100.0000,83.0000,.29,.9324,-.3591,.7067,-.5993,.00,.4381,1.0000,86.000,84.110,.3840,.3285,-1.05,70.75,10.27,"1","R",".","i6"
7,-.79,1,97.0000,77.0000,.28,.9076,-.5891,.7775,-.4892,.00,.4733,1.0000,82.474,81.482,.4116,.3449,-.78,89.65,13.34,"1","R",".","i7"
8,.10,1,98.0000,64.0000,.24,1.0130,.1610,.9587,-.1190,.00,.4664,1.0000,70.408,73.538,.4708,.4188,.11,172.32,42.19,"1","R",".","i8"
9,.25,1,97.0000,61.0000,.24,1.0919,.8811,1.0484,.2910,.00,.4291,1.0000,70.103,73.132,.4833,.4376,.25,181.16,40.89,"1","R",".","i9"
10,1.00,1,96.0000,49.0000,.24,.9569,-.3990,1.0331,.2510,.00,.5231,1.0000,77.083,72.233,.5035,.4202,1.00,196.66,66.34,"1","R",".","i10"
11,1.10,1,98.0000,47.0000,.24,.9099,-.8591,.7890,-1.2592,.00,.5828,1.0000,75.510,72.922,.5152,.4063,1.10,185.69,66.40,"1","R",".","i11"
12,1.63,1,97.0000,36.0000,.24,.9886,-.0690,.9144,-.3891,.00,.5067,1.0000,74.227,73.827,.4930,.4154,1.63,166.98,54.11,"1","R",".","i12"
13,2.46,1,97.0000,25.0000,.27,.8538,-1.0591,.6851,-1.1293,.00,.5790,1.0000,80.412,79.407,.4803,.3496,2.44,103.02,23.66,"1","R",".","i13"
14,2.94,1,99.0000,19.0000,.29,1.1065,.6711,1.2211,.6812,.00,.3772,1.0000,80.808,83.965,.4506,.3625,2.92,70.57,14.18,"1","R",".","i14"
15,3.41,1,99.0000,14.0000,.32,1.0555,.3411,1.4259,.9414,.00,.3479,1.0000,87.879,87.561,.4141,.3179,3.38,48.25,8.54,"1","R",".","i15"
