";PERSON  R2Winsteps Example  Mar 13 2020 13:48"
"ENTRY","MEASURE","STATUS","COUNT","SCORE","MODLSE","IN.MSQ","IN.ZSTD","OUT.MSQ","OUT.ZSTD","DISPLACE","PTMA","WEIGHT","OBSMATCH","EXPMATCH","PTMA-E","RMSR","WMLE","INDF","OUTPRB","NAME"
1,-1.28,1,15.0000,5.0000,.70,.6156,-1.1894,.3899,-.3996,.00,.7389,1.0000,86.667,80.304,.5944,.2897,-1.27,16.92,1.74,"p1"
2,-.21,1,14.0000,7.0000,.73,1.0990,.3711,3.0518,2.0631,.00,.5578,1.0000,85.714,81.507,.6716,.3841,-.23,12.31,3.61,"p2"
3,.67,1,15.0000,9.0000,.71,.8459,-.2892,.5107,-.5695,.00,.7439,1.0000,73.333,81.517,.6646,.3332,.65,13.48,3.68,"p3"
4,.17,1,15.0000,8.0000,.70,.8798,-.1991,1.3944,.7514,.00,.6707,1.0000,86.667,80.746,.6684,.3449,.16,13.39,4.38,"p4"
5,1.74,1,15.0000,11.0000,.76,.9236,-.0591,.5425,-.0695,.00,.6573,1.0000,80.000,83.720,.6100,.3270,1.69,12.17,1.43,"p5"
6,.67,1,15.0000,9.0000,.71,1.1755,.5612,1.1036,.3811,.00,.6101,1.0000,73.333,81.517,.6646,.3928,.65,13.48,3.68,"p6"
7,1.74,1,15.0000,11.0000,.76,1.6836,1.5417,1.0702,.4511,.00,.4288,1.0000,66.667,83.720,.6100,.4414,1.69,12.17,1.43,"p7"
8,-1.28,1,15.0000,5.0000,.70,.7163,-.7993,.4534,-.2895,.00,.7079,1.0000,86.667,80.304,.5944,.3125,-1.27,16.92,1.74,"p8"
9,1.74,1,15.0000,11.0000,.76,.4372,-1.6496,.2508,-.5397,.00,.7977,1.0000,93.333,83.720,.6100,.2250,1.69,12.17,1.43,"p9"
10,1.74,1,15.0000,11.0000,.76,.7711,-.4792,.5180,-.0995,.00,.6917,1.0000,93.333,83.720,.6100,.2987,1.69,12.17,1.43,"p10"
11,-.32,1,15.0000,7.0000,.70,1.4046,1.0714,1.1671,.4612,.00,.5366,1.0000,73.333,81.224,.6577,.4395,-.32,13.66,3.88,"p11"
12,1.74,1,15.0000,11.0000,.76,.6104,-.9894,.3445,-.3597,.00,.7493,1.0000,93.333,83.720,.6100,.2658,1.69,12.17,1.43,"p12"
13,-1.24,1,14.0000,5.0000,.71,1.0862,.3611,.8757,.2509,.00,.5731,1.0000,85.714,79.565,.5991,.3902,-1.23,17.26,1.64,"p13"
14,.10,1,14.0000,7.0000,.72,1.4999,1.2515,1.2163,.5212,.00,.5202,1.0000,71.429,80.277,.6642,.4535,.10,13.26,4.00,"p14"
15,2.32,1,14.0000,11.0000,.81,1.7139,1.5517,1.5455,.8015,.01,.3075,1.0000,71.429,84.693,.5564,.4296,2.25,11.37,1.00,"p15"
16,1.74,1,15.0000,11.0000,.76,.8129,-.3592,.4457,-.1996,.00,.6941,1.0000,80.000,83.720,.6100,.3067,1.69,12.17,1.43,"p16"
17,.67,1,15.0000,9.0000,.71,1.4960,1.2515,2.1816,1.4522,.00,.4475,1.0000,73.333,81.517,.6646,.4431,.65,13.48,3.68,"p17"
18,4.04,1,13.0000,12.0000,1.13,.9275,.1409,.3083,-.2197,.01,.4004,1.0000,92.308,92.263,.3382,.2363,3.66,3.89,1.00,"p18"
19,1.19,1,15.0000,10.0000,.73,1.2023,.6212,.9523,.2510,.00,.5921,1.0000,80.000,81.897,.6457,.3877,1.16,13.16,2.44,"p19"
20,-.80,1,15.0000,6.0000,.69,1.0642,.2911,.7339,-.0593,.00,.6358,1.0000,73.333,80.370,.6329,.3836,-.80,14.84,2.75,"p20"
21,2.35,1,15.0000,12.0000,.81,.8264,-.2892,.4001,-.0896,.01,.6336,1.0000,86.667,85.467,.5539,.2911,2.27,11.00,1.00,"p21"
22,1.74,1,15.0000,11.0000,.76,1.5210,1.2515,.9921,.3910,.00,.4730,1.0000,66.667,83.720,.6100,.4196,1.69,12.17,1.43,"p22"
23,1.19,1,15.0000,10.0000,.73,1.0342,.2210,.6787,-.0993,.00,.6583,1.0000,80.000,81.897,.6457,.3596,1.16,13.16,2.44,"p23"
24,.17,1,15.0000,8.0000,.70,.9877,.1010,.7278,-.2193,.00,.6919,1.0000,73.333,80.746,.6684,.3654,.16,13.39,4.38,"p24"
25,1.74,1,15.0000,11.0000,.76,.9494,.0109,2.4855,1.2925,.00,.5367,1.0000,93.333,83.720,.6100,.3315,1.69,12.17,1.43,"p25"
26,2.27,1,14.0000,11.0000,.83,.6973,-.6693,.3417,-.1697,.01,.6852,1.0000,85.714,85.140,.5772,.2699,2.21,11.27,1.00,"p26"
27,1.19,1,15.0000,10.0000,.73,1.0628,.2911,.6548,-.1393,.00,.6561,1.0000,80.000,81.897,.6457,.3645,1.16,13.16,2.44,"p27"
28,-.80,1,15.0000,6.0000,.69,.4198,-1.9296,.2898,-.8997,.00,.8341,1.0000,100.00,80.370,.6329,.2409,-.80,14.84,2.75,"p28"
29,1.73,1,14.0000,10.0000,.76,.5864,-1.0794,.3496,-.4997,.00,.7640,1.0000,92.857,82.600,.6054,.2690,1.69,12.28,1.82,"p29"
30,2.10,1,14.0000,11.0000,.85,2.5122,2.4025,2.2614,1.1323,.00,.1449,1.0000,57.143,86.674,.6009,.4987,2.03,8.59,1.00,"p30"
31,-.32,1,15.0000,7.0000,.70,1.8211,1.8618,2.8025,1.9528,.00,.3348,1.0000,60.000,81.224,.6577,.5005,-.32,13.66,3.88,"p31"
32,1.19,1,15.0000,10.0000,.73,1.1302,.4511,4.2302,2.3542,.00,.4966,1.0000,80.000,81.897,.6457,.3759,1.16,13.16,2.44,"p32"
33,1.19,1,15.0000,10.0000,.73,1.0961,.3711,1.6534,.9117,.00,.5750,1.0000,80.000,81.897,.6457,.3702,1.16,13.16,2.44,"p33"
34,2.35,1,15.0000,12.0000,.81,.8345,-.2692,.4671,.0005,.01,.6207,1.0000,86.667,85.467,.5539,.2926,2.27,11.00,1.00,"p34"
35,1.19,1,15.0000,10.0000,.73,.8201,-.3592,.5290,-.3295,.00,.7227,1.0000,80.000,81.897,.6457,.3202,1.16,13.16,2.44,"p35"
36,2.27,1,14.0000,11.0000,.83,1.6088,1.3616,1.1720,.5912,.01,.3979,1.0000,71.429,85.140,.5772,.4099,2.21,11.27,1.00,"p36"
37,2.35,1,15.0000,12.0000,.81,.9558,.0410,.4864,.0205,.01,.5938,1.0000,86.667,85.467,.5539,.3131,2.27,11.00,1.00,"p37"
38,3.05,1,14.0000,12.0000,.90,.7083,-.5393,.2923,-.2397,.01,.5782,1.0000,92.857,86.906,.4638,.2508,2.91,9.05,1.00,"p38"
39,1.19,1,15.0000,10.0000,.73,1.8422,1.8718,1.6828,.9317,.00,.3706,1.0000,66.667,81.897,.6457,.4799,1.16,13.16,2.44,"p39"
40,-.29,1,14.0000,7.0000,.71,.3745,-2.0796,.2767,-1.2197,.00,.8648,1.0000,100.00,80.317,.6418,.2316,-.30,13.85,3.89,"p40"
41,-.32,1,15.0000,7.0000,.70,2.0266,2.2120,4.5980,3.0146,.00,.1932,1.0000,60.000,81.224,.6577,.5280,-.32,13.66,3.88,"p41"
42,.34,1,14.0000,8.0000,.75,.4699,-1.4195,.2974,-1.1197,.00,.8610,1.0000,92.857,82.089,.6850,.2449,.31,11.01,3.73,"p42"
43,3.06,1,15.0000,13.0000,.90,.5207,-1.0795,.2047,-.3998,.01,.6311,1.0000,93.333,87.759,.4700,.2082,2.92,8.94,1.00,"p43"
44,-.32,1,15.0000,7.0000,.70,1.0324,.2110,.7266,-.1793,.00,.6719,1.0000,73.333,81.224,.6577,.3768,-.32,13.66,3.88,"p44"
45,.17,1,15.0000,8.0000,.70,.8898,-.1691,.6228,-.4194,.00,.7255,1.0000,86.667,80.746,.6684,.3468,.16,13.39,4.38,"p45"
46,-.80,1,15.0000,6.0000,.69,1.2472,.7512,1.1362,.4411,.00,.5499,1.0000,73.333,80.370,.6329,.4153,-.80,14.84,2.75,"p46"
47,2.35,1,15.0000,12.0000,.81,.9854,.1110,.5358,.0705,.01,.5801,1.0000,86.667,85.467,.5539,.3179,2.27,11.00,1.00,"p47"
48,1.74,1,15.0000,11.0000,.76,.4372,-1.6496,.2508,-.5397,.00,.7977,1.0000,93.333,83.720,.6100,.2250,1.69,12.17,1.43,"p48"
49,1.74,1,15.0000,11.0000,.76,1.1785,.5512,2.6039,1.3526,.00,.4736,1.0000,80.000,83.720,.6100,.3693,1.69,12.17,1.43,"p49"
50,.17,1,15.0000,8.0000,.70,1.0239,.1910,.8904,.0609,.00,.6676,1.0000,73.333,80.746,.6684,.3721,.16,13.39,4.38,"p50"
51,1.12,1,14.0000,9.0000,.75,1.0449,.2410,.6888,-.0693,.00,.6642,1.0000,78.571,81.204,.6557,.3642,1.10,13.23,2.33,"p51"
52,2.35,1,15.0000,12.0000,.81,1.2440,.6712,.6541,.1907,.01,.5104,1.0000,73.333,85.467,.5539,.3572,2.27,11.00,1.00,"p52"
53,3.06,1,15.0000,13.0000,.90,.5207,-1.0795,.2047,-.3998,.01,.6311,1.0000,93.333,87.759,.4700,.2082,2.92,8.94,1.00,"p53"
54,.67,1,15.0000,9.0000,.71,.4083,-1.8796,.2684,-1.1997,.00,.8649,1.0000,100.00,81.517,.6646,.2315,.65,13.48,3.68,"p54"
55,.20,1,14.0000,8.0000,.71,1.5455,1.3515,1.6940,1.0817,.00,.4245,1.0000,71.429,79.811,.6445,.4661,.18,13.63,4.38,"p55"
56,-.73,1,14.0000,6.0000,.72,.7564,-.5892,.5116,-.3895,.00,.7379,1.0000,78.571,80.267,.6422,.3242,-.74,14.36,2.61,"p56"
57,1.74,1,15.0000,11.0000,.76,.7711,-.4792,.5180,-.0995,.00,.6917,1.0000,93.333,83.720,.6100,.2987,1.69,12.17,1.43,"p57"
58,3.90,1,13.0000,12.0000,1.16,.6790,-.3293,.1867,-.4398,.01,.4952,1.0000,92.308,92.263,.3877,.1971,3.56,4.53,1.00,"p58"
59,-.29,1,14.0000,7.0000,.71,.8206,-.3792,.6589,-.2993,.00,.7142,1.0000,85.714,80.317,.6418,.3428,-.30,13.85,3.89,"p59"
60,-1.28,1,15.0000,5.0000,.70,.4449,-1.9496,.2923,-.5797,.00,.7898,1.0000,100.00,80.304,.5944,.2463,-1.27,16.92,1.74,"p60"
61,1.19,1,15.0000,10.0000,.73,1.6224,1.4816,2.3496,1.3923,.00,.3832,1.0000,80.000,81.897,.6457,.4503,1.16,13.16,2.44,"p61"
62,.67,1,15.0000,9.0000,.71,.8078,-.4092,.5846,-.4194,.00,.7414,1.0000,86.667,81.517,.6646,.3256,.65,13.48,3.68,"p62"
63,2.35,1,15.0000,12.0000,.81,.4170,-1.6396,.2130,-.3798,.01,.7440,1.0000,100.00,85.467,.5539,.2068,2.27,11.00,1.00,"p63"
64,4.05,1,15.0000,14.0000,1.13,1.4434,.7814,1.4892,.7715,.01,.1353,1.0000,93.333,93.295,.3420,.2746,3.67,3.87,1.00,"p64"
65,.17,1,15.0000,8.0000,.70,1.3627,.9714,1.7087,1.0917,.00,.5263,1.0000,73.333,80.746,.6684,.4292,.16,13.39,4.38,"p65"
66,2.35,1,15.0000,12.0000,.81,.8119,-.3292,.4400,-.0396,.01,.6295,1.0000,86.667,85.467,.5539,.2886,2.27,11.00,1.00,"p66"
67,4.02,1,14.0000,13.0000,1.13,.9331,.1409,.2822,-.2597,.01,.4001,1.0000,92.857,92.815,.3499,.2275,3.65,4.01,1.00,"p67"
68,1.74,1,15.0000,11.0000,.76,1.1952,.5912,.8740,.2809,.00,.5558,1.0000,80.000,83.720,.6100,.3719,1.69,12.17,1.43,"p68"
69,-.80,1,15.0000,6.0000,.69,.4198,-1.9296,.2898,-.8997,.00,.8341,1.0000,100.00,80.370,.6329,.2409,-.80,14.84,2.75,"p69"
70,.02,1,14.0000,7.0000,.74,1.3039,.8013,2.0186,1.3320,.00,.5394,1.0000,78.571,81.741,.6832,.4126,.02,11.32,3.82,"p70"
71,2.35,1,15.0000,12.0000,.81,1.6209,1.3716,4.6407,1.8946,.01,.2354,1.0000,73.333,85.467,.5539,.4077,2.27,11.00,1.00,"p71"
72,.17,1,15.0000,8.0000,.70,.4600,-1.6395,.3068,-1.2197,.00,.8561,1.0000,86.667,80.746,.6684,.2494,.16,13.39,4.38,"p72"
73,-.32,1,15.0000,7.0000,.70,.7890,-.4692,.6416,-.3394,.00,.7349,1.0000,86.667,81.224,.6577,.3294,-.32,13.66,3.88,"p73"
74,.15,1,14.0000,7.0000,.71,.9694,.0510,.7581,-.1892,.00,.6777,1.0000,85.714,79.693,.6506,.3708,.14,13.62,4.66,"p74"
75,3.93,1,14.0000,13.0000,1.15,.6753,-.3093,.1768,-.4598,.01,.4912,1.0000,92.857,92.816,.3770,.1907,3.58,4.30,1.00,"p75"
76,1.73,1,14.0000,10.0000,.76,.7759,-.4692,.5525,-.1194,.00,.6880,1.0000,92.857,82.612,.6033,.3093,1.68,12.30,1.66,"p76"
77,.17,1,15.0000,8.0000,.70,1.9712,2.1020,2.0475,1.4220,.00,.3364,1.0000,60.000,80.746,.6684,.5162,.16,13.39,4.38,"p77"
78,.67,1,15.0000,9.0000,.71,.6318,-.9794,.3931,-.8396,.00,.8030,1.0000,86.667,81.517,.6646,.2880,.65,13.48,3.68,"p78"
79,.17,1,15.0000,8.0000,.70,.9256,-.0691,.6422,-.3794,.00,.7157,1.0000,73.333,80.746,.6684,.3538,.16,13.39,4.38,"p79"
80,.67,1,15.0000,9.0000,.71,.4083,-1.8796,.2684,-1.1997,.00,.8649,1.0000,100.00,81.517,.6646,.2315,.65,13.48,3.68,"p80"
81,2.35,1,15.0000,12.0000,.81,.9608,.0510,.7642,.2908,.01,.5571,1.0000,86.667,85.467,.5539,.3139,2.27,11.00,1.00,"p81"
82,1.01,1,13.0000,9.0000,.81,.9270,-.0091,.8514,.1609,.00,.6790,1.0000,92.308,83.665,.6610,.3277,.95,9.31,2.17,"p82"
83,-1.28,1,15.0000,5.0000,.70,1.6380,1.6716,1.2616,.5813,.00,.3933,1.0000,60.000,80.304,.5944,.4725,-1.27,16.92,1.74,"p83"
84,1.19,1,15.0000,10.0000,.73,1.0474,.2510,.9922,.2910,.00,.6258,1.0000,80.000,81.897,.6457,.3618,1.16,13.16,2.44,"p84"
85,1.74,1,15.0000,11.0000,.76,.5839,-1.0794,.3273,-.3897,.00,.7572,1.0000,93.333,83.720,.6100,.2600,1.69,12.17,1.43,"p85"
86,-2.32,1,15.0000,3.0000,.76,.6348,-1.0894,.3372,-.1697,.00,.6166,1.0000,93.333,82.778,.4771,.2715,-2.24,16.47,1.00,"p86"
87,1.02,1,14.0000,9.0000,.77,.4618,-1.4595,.2732,-.8697,.00,.8493,1.0000,100.00,82.323,.6762,.2363,1.00,11.09,2.48,"p87"
88,.17,1,15.0000,8.0000,.70,.8134,-.3892,.7570,-.1692,.00,.7286,1.0000,86.667,80.746,.6684,.3316,.16,13.39,4.38,"p88"
89,-1.28,1,15.0000,5.0000,.70,1.4601,1.2915,1.1444,.4911,.00,.4481,1.0000,73.333,80.304,.5944,.4461,-1.27,16.92,1.74,"p89"
90,.17,1,15.0000,8.0000,.70,.7486,-.5893,.5688,-.5394,.00,.7622,1.0000,86.667,80.746,.6684,.3181,.16,13.39,4.38,"p90"
91,.67,1,15.0000,9.0000,.71,.4083,-1.8796,.2684,-1.1997,.00,.8649,1.0000,100.00,81.517,.6646,.2315,.65,13.48,3.68,"p91"
92,3.06,1,15.0000,13.0000,.90,1.4468,.9914,8.7065,2.7187,.01,.1148,1.0000,80.000,87.759,.4700,.3470,2.92,8.94,1.00,"p92"
93,.67,1,15.0000,9.0000,.71,1.3883,1.0314,2.4543,1.6625,.00,.4835,1.0000,73.333,81.517,.6646,.4268,.65,13.48,3.68,"p93"
94,4.05,1,15.0000,14.0000,1.13,1.1268,.4111,.4012,-.0896,.01,.3329,1.0000,93.333,93.295,.3420,.2427,3.67,3.87,1.00,"p94"
95,.90,1,14.0000,9.0000,.77,.3834,-1.7096,.2393,-1.0398,.00,.8734,1.0000,100.00,83.360,.6783,.2147,.86,10.25,2.72,"p95"
96,1.19,1,15.0000,10.0000,.73,.6819,-.7893,.4186,-.5296,.00,.7659,1.0000,93.333,81.897,.6457,.2920,1.16,13.16,2.44,"p96"
97,.19,1,14.0000,8.0000,.71,.4687,-1.6195,.3260,-1.2497,.00,.8520,1.0000,85.714,79.650,.6415,.2581,.17,13.61,4.91,"p97"
98,.10,1,14.0000,7.0000,.72,1.6711,1.5717,1.4831,.8315,.00,.4532,1.0000,57.143,80.276,.6642,.4787,.10,13.26,4.00,"p98"
99,.17,1,15.0000,8.0000,.70,1.2354,.7012,.9237,.1109,.00,.6148,1.0000,73.333,80.746,.6684,.4087,.16,13.39,4.38,"p99"
100,.67,1,15.0000,9.0000,.71,.6224,-1.0094,.3860,-.8596,.00,.8059,1.0000,86.667,81.517,.6646,.2858,.65,13.48,3.68,"p100"
